3 3 1 1 0.16666666666666666 1
3 3 1 1 0.16666666666666666 67
3 3 1 1 0.16666666666666666 39
3 3 1 1 0.16666666666666666 5
3 3 1 1 0.16666666666666666 33
3 3 1 1 0.16666666666666666 22
3 3 1 1 0.16666666666666666 19
3 3 1 1 0.16666666666666666 8
3 3 1 1 0.16666666666666666 51
3 3 1 1 0.16666666666666666 35
5 5 1 1 0.1 95
5 5 1 1 0.1 203
5 5 1 1 0.1 88
5 5 1 1 0.1 90
5 5 1 1 0.1 29
5 5 1 1 0.1 185
5 5 1 1 0.1 29
5 5 1 1 0.1 81
5 5 1 1 0.1 175
5 5 1 1 0.1 103
7 7 1 1 0.07142857142857142 579
7 7 1 1 0.07142857142857142 237
7 7 1 1 0.07142857142857142 451
7 7 1 1 0.07142857142857142 251
7 7 1 1 0.07142857142857142 121
7 7 1 1 0.07142857142857142 286
7 7 1 1 0.07142857142857142 345
7 7 1 1 0.07142857142857142 484
7 7 1 1 0.07142857142857142 311
7 7 1 1 0.07142857142857142 590
9 9 1 1 0.05555555555555555 361
9 9 1 1 0.05555555555555555 351
9 9 1 1 0.05555555555555555 397
9 9 1 1 0.05555555555555555 357
9 9 1 1 0.05555555555555555 352
9 9 1 1 0.05555555555555555 328
9 9 1 1 0.05555555555555555 370
9 9 1 1 0.05555555555555555 151
9 9 1 1 0.05555555555555555 311
9 9 1 1 0.05555555555555555 823
11 11 1 1 0.045454545454545456 775
11 11 1 1 0.045454545454545456 820
11 11 1 1 0.045454545454545456 592
11 11 1 1 0.045454545454545456 691
11 11 1 1 0.045454545454545456 1062
11 11 1 1 0.045454545454545456 617
11 11 1 1 0.045454545454545456 542
11 11 1 1 0.045454545454545456 773
11 11 1 1 0.045454545454545456 1778
11 11 1 1 0.045454545454545456 943
13 13 1 1 0.038461538461538464 2636
13 13 1 1 0.038461538461538464 1977
13 13 1 1 0.038461538461538464 708
13 13 1 1 0.038461538461538464 1061
13 13 1 1 0.038461538461538464 863
13 13 1 1 0.038461538461538464 2179
13 13 1 1 0.038461538461538464 864
13 13 1 1 0.038461538461538464 668
13 13 1 1 0.038461538461538464 966
13 13 1 1 0.038461538461538464 1454
15 15 1 1 0.03333333333333333 2115
15 15 1 1 0.03333333333333333 3030
15 15 1 1 0.03333333333333333 779
15 15 1 1 0.03333333333333333 2684
15 15 1 1 0.03333333333333333 1616
15 15 1 1 0.03333333333333333 3665
15 15 1 1 0.03333333333333333 1374
15 15 1 1 0.03333333333333333 2567
15 15 1 1 0.03333333333333333 1156
15 15 1 1 0.03333333333333333 1751
17 17 1 1 0.029411764705882353 1871
17 17 1 1 0.029411764705882353 2716
17 17 1 1 0.029411764705882353 2148
17 17 1 1 0.029411764705882353 1210
17 17 1 1 0.029411764705882353 1716
17 17 1 1 0.029411764705882353 1315
17 17 1 1 0.029411764705882353 2261
17 17 1 1 0.029411764705882353 3489
17 17 1 1 0.029411764705882353 1426
17 17 1 1 0.029411764705882353 3521
19 19 1 1 0.02631578947368421 3037
19 19 1 1 0.02631578947368421 1502
19 19 1 1 0.02631578947368421 4185
19 19 1 1 0.02631578947368421 2339
19 19 1 1 0.02631578947368421 2227
19 19 1 1 0.02631578947368421 2378
19 19 1 1 0.02631578947368421 3470
19 19 1 1 0.02631578947368421 2310
19 19 1 1 0.02631578947368421 2987
19 19 1 1 0.02631578947368421 7436
21 21 1 1 0.023809523809523808 5857
21 21 1 1 0.023809523809523808 2708
21 21 1 1 0.023809523809523808 2710
21 21 1 1 0.023809523809523808 3525
21 21 1 1 0.023809523809523808 4778
21 21 1 1 0.023809523809523808 3591
21 21 1 1 0.023809523809523808 5434
21 21 1 1 0.023809523809523808 5886
21 21 1 1 0.023809523809523808 8827
21 21 1 1 0.023809523809523808 3329
23 23 1 1 0.021739130434782608 6885
23 23 1 1 0.021739130434782608 8813
23 23 1 1 0.021739130434782608 4378
23 23 1 1 0.021739130434782608 4293
23 23 1 1 0.021739130434782608 3887
23 23 1 1 0.021739130434782608 11550
23 23 1 1 0.021739130434782608 2653
23 23 1 1 0.021739130434782608 3842
23 23 1 1 0.021739130434782608 5205
23 23 1 1 0.021739130434782608 4566
25 25 1 1 0.02 4482
25 25 1 1 0.02 3616
25 25 1 1 0.02 5090
25 25 1 1 0.02 6984
25 25 1 1 0.02 6391
25 25 1 1 0.02 8489
25 25 1 1 0.02 3493
25 25 1 1 0.02 2813
25 25 1 1 0.02 3743
25 25 1 1 0.02 5431
27 27 1 1 0.018518518518518517 9373
27 27 1 1 0.018518518518518517 6502
27 27 1 1 0.018518518518518517 7142
27 27 1 1 0.018518518518518517 8322
27 27 1 1 0.018518518518518517 5143
27 27 1 1 0.018518518518518517 6349
27 27 1 1 0.018518518518518517 6451
27 27 1 1 0.018518518518518517 8984
27 27 1 1 0.018518518518518517 3926
27 27 1 1 0.018518518518518517 8014
29 29 1 1 0.017241379310344827 7458
29 29 1 1 0.017241379310344827 9737
29 29 1 1 0.017241379310344827 8760
29 29 1 1 0.017241379310344827 9916
29 29 1 1 0.017241379310344827 7692
29 29 1 1 0.017241379310344827 9268
29 29 1 1 0.017241379310344827 7311
29 29 1 1 0.017241379310344827 5324
29 29 1 1 0.017241379310344827 5791
29 29 1 1 0.017241379310344827 8495
3 3 1 1 0.3333333333333333 19
3 3 1 1 0.3333333333333333 4
3 3 1 1 0.3333333333333333 17
3 3 1 1 0.3333333333333333 5
3 3 1 1 0.3333333333333333 28
3 3 1 1 0.3333333333333333 12
3 3 1 1 0.3333333333333333 15
3 3 1 1 0.3333333333333333 29
3 3 1 1 0.3333333333333333 6
3 3 1 1 0.3333333333333333 2
5 5 1 1 0.2 51
5 5 1 1 0.2 135
5 5 1 1 0.2 34
5 5 1 1 0.2 181
5 5 1 1 0.2 97
5 5 1 1 0.2 145
5 5 1 1 0.2 49
5 5 1 1 0.2 80
5 5 1 1 0.2 86
5 5 1 1 0.2 92
7 7 1 1 0.14285714285714285 137
7 7 1 1 0.14285714285714285 339
7 7 1 1 0.14285714285714285 298
7 7 1 1 0.14285714285714285 210
7 7 1 1 0.14285714285714285 160
7 7 1 1 0.14285714285714285 207
7 7 1 1 0.14285714285714285 208
7 7 1 1 0.14285714285714285 184
7 7 1 1 0.14285714285714285 121
7 7 1 1 0.14285714285714285 236
9 9 1 1 0.1111111111111111 368
9 9 1 1 0.1111111111111111 215
9 9 1 1 0.1111111111111111 486
9 9 1 1 0.1111111111111111 574
9 9 1 1 0.1111111111111111 327
9 9 1 1 0.1111111111111111 278
9 9 1 1 0.1111111111111111 516
9 9 1 1 0.1111111111111111 328
9 9 1 1 0.1111111111111111 369
9 9 1 1 0.1111111111111111 570
11 11 1 1 0.09090909090909091 441
11 11 1 1 0.09090909090909091 1049
11 11 1 1 0.09090909090909091 1037
11 11 1 1 0.09090909090909091 752
11 11 1 1 0.09090909090909091 508
11 11 1 1 0.09090909090909091 329
11 11 1 1 0.09090909090909091 379
11 11 1 1 0.09090909090909091 643
11 11 1 1 0.09090909090909091 345
11 11 1 1 0.09090909090909091 859
13 13 1 1 0.07692307692307693 743
13 13 1 1 0.07692307692307693 595
13 13 1 1 0.07692307692307693 655
13 13 1 1 0.07692307692307693 794
13 13 1 1 0.07692307692307693 1973
13 13 1 1 0.07692307692307693 1469
13 13 1 1 0.07692307692307693 1307
13 13 1 1 0.07692307692307693 1060
13 13 1 1 0.07692307692307693 1199
13 13 1 1 0.07692307692307693 487
15 15 1 1 0.06666666666666667 1087
15 15 1 1 0.06666666666666667 1352
15 15 1 1 0.06666666666666667 934
15 15 1 1 0.06666666666666667 1489
15 15 1 1 0.06666666666666667 1578
15 15 1 1 0.06666666666666667 1838
15 15 1 1 0.06666666666666667 1104
15 15 1 1 0.06666666666666667 1256
15 15 1 1 0.06666666666666667 845
15 15 1 1 0.06666666666666667 594
17 17 1 1 0.058823529411764705 3260
17 17 1 1 0.058823529411764705 1397
17 17 1 1 0.058823529411764705 2011
17 17 1 1 0.058823529411764705 2417
17 17 1 1 0.058823529411764705 2182
17 17 1 1 0.058823529411764705 2793
17 17 1 1 0.058823529411764705 1462
17 17 1 1 0.058823529411764705 1792
17 17 1 1 0.058823529411764705 3554
17 17 1 1 0.058823529411764705 2471
19 19 1 1 0.05263157894736842 2081
19 19 1 1 0.05263157894736842 2423
19 19 1 1 0.05263157894736842 2297
19 19 1 1 0.05263157894736842 2625
19 19 1 1 0.05263157894736842 2723
19 19 1 1 0.05263157894736842 2940
19 19 1 1 0.05263157894736842 2689
19 19 1 1 0.05263157894736842 3197
19 19 1 1 0.05263157894736842 2416
19 19 1 1 0.05263157894736842 2217
21 21 1 1 0.047619047619047616 4455
21 21 1 1 0.047619047619047616 6637
21 21 1 1 0.047619047619047616 2664
21 21 1 1 0.047619047619047616 2689
21 21 1 1 0.047619047619047616 3890
21 21 1 1 0.047619047619047616 4178
21 21 1 1 0.047619047619047616 3041
21 21 1 1 0.047619047619047616 2970
21 21 1 1 0.047619047619047616 3074
21 21 1 1 0.047619047619047616 1873
23 23 1 1 0.043478260869565216 3780
23 23 1 1 0.043478260869565216 2290
23 23 1 1 0.043478260869565216 2428
23 23 1 1 0.043478260869565216 5253
23 23 1 1 0.043478260869565216 4495
23 23 1 1 0.043478260869565216 3191
23 23 1 1 0.043478260869565216 4854
23 23 1 1 0.043478260869565216 6908
23 23 1 1 0.043478260869565216 6923
23 23 1 1 0.043478260869565216 4347
25 25 1 1 0.04 4481
25 25 1 1 0.04 7545
25 25 1 1 0.04 2618
25 25 1 1 0.04 8034
25 25 1 1 0.04 2843
25 25 1 1 0.04 3912
25 25 1 1 0.04 4502
25 25 1 1 0.04 5425
25 25 1 1 0.04 2545
25 25 1 1 0.04 6653
27 27 1 1 0.037037037037037035 3977
27 27 1 1 0.037037037037037035 8017
27 27 1 1 0.037037037037037035 7535
27 27 1 1 0.037037037037037035 9478
27 27 1 1 0.037037037037037035 4510
27 27 1 1 0.037037037037037035 7848
27 27 1 1 0.037037037037037035 7774
27 27 1 1 0.037037037037037035 4042
27 27 1 1 0.037037037037037035 4737
27 27 1 1 0.037037037037037035 7549
29 29 1 1 0.034482758620689655 8088
29 29 1 1 0.034482758620689655 4854
29 29 1 1 0.034482758620689655 6877
29 29 1 1 0.034482758620689655 14663
29 29 1 1 0.034482758620689655 4043
29 29 1 1 0.034482758620689655 5126
29 29 1 1 0.034482758620689655 9968
29 29 1 1 0.034482758620689655 5154
29 29 1 1 0.034482758620689655 8035
29 29 1 1 0.034482758620689655 10225
3 3 1 1 0.6666666666666666 56
3 3 1 1 0.6666666666666666 1
3 3 1 1 0.6666666666666666 53
3 3 1 1 0.6666666666666666 26
3 3 1 1 0.6666666666666666 5
3 3 1 1 0.6666666666666666 33
3 3 1 1 0.6666666666666666 4
3 3 1 1 0.6666666666666666 63
3 3 1 1 0.6666666666666666 25
3 3 1 1 0.6666666666666666 23
5 5 1 1 0.4 16
5 5 1 1 0.4 117
5 5 1 1 0.4 246
5 5 1 1 0.4 95
5 5 1 1 0.4 121
5 5 1 1 0.4 66
5 5 1 1 0.4 37
5 5 1 1 0.4 59
5 5 1 1 0.4 432
5 5 1 1 0.4 143
7 7 1 1 0.2857142857142857 179
7 7 1 1 0.2857142857142857 347
7 7 1 1 0.2857142857142857 177
7 7 1 1 0.2857142857142857 616
7 7 1 1 0.2857142857142857 322
7 7 1 1 0.2857142857142857 115
7 7 1 1 0.2857142857142857 84
7 7 1 1 0.2857142857142857 126
7 7 1 1 0.2857142857142857 162
7 7 1 1 0.2857142857142857 316
9 9 1 1 0.2222222222222222 401
9 9 1 1 0.2222222222222222 416
9 9 1 1 0.2222222222222222 300
9 9 1 1 0.2222222222222222 523
9 9 1 1 0.2222222222222222 253
9 9 1 1 0.2222222222222222 216
9 9 1 1 0.2222222222222222 207
9 9 1 1 0.2222222222222222 1035
9 9 1 1 0.2222222222222222 275
9 9 1 1 0.2222222222222222 709
11 11 1 1 0.18181818181818182 482
11 11 1 1 0.18181818181818182 180
11 11 1 1 0.18181818181818182 669
11 11 1 1 0.18181818181818182 471
11 11 1 1 0.18181818181818182 393
11 11 1 1 0.18181818181818182 464
11 11 1 1 0.18181818181818182 564
11 11 1 1 0.18181818181818182 592
11 11 1 1 0.18181818181818182 322
11 11 1 1 0.18181818181818182 1290
13 13 1 1 0.15384615384615385 1460
13 13 1 1 0.15384615384615385 2209
13 13 1 1 0.15384615384615385 957
13 13 1 1 0.15384615384615385 1558
13 13 1 1 0.15384615384615385 1771
13 13 1 1 0.15384615384615385 1367
13 13 1 1 0.15384615384615385 2550
13 13 1 1 0.15384615384615385 1458
13 13 1 1 0.15384615384615385 705
13 13 1 1 0.15384615384615385 818
15 15 1 1 0.13333333333333333 836
15 15 1 1 0.13333333333333333 1117
15 15 1 1 0.13333333333333333 967
15 15 1 1 0.13333333333333333 1104
15 15 1 1 0.13333333333333333 1006
15 15 1 1 0.13333333333333333 2189
15 15 1 1 0.13333333333333333 1196
15 15 1 1 0.13333333333333333 1533
15 15 1 1 0.13333333333333333 4264
15 15 1 1 0.13333333333333333 1075
17 17 1 1 0.11764705882352941 1896
17 17 1 1 0.11764705882352941 2324
17 17 1 1 0.11764705882352941 4618
17 17 1 1 0.11764705882352941 1868
17 17 1 1 0.11764705882352941 786
17 17 1 1 0.11764705882352941 3014
17 17 1 1 0.11764705882352941 1241
17 17 1 1 0.11764705882352941 2270
17 17 1 1 0.11764705882352941 2644
17 17 1 1 0.11764705882352941 2199
19 19 1 1 0.10526315789473684 1845
19 19 1 1 0.10526315789473684 1489
19 19 1 1 0.10526315789473684 2952
19 19 1 1 0.10526315789473684 3527
19 19 1 1 0.10526315789473684 3330
19 19 1 1 0.10526315789473684 3316
19 19 1 1 0.10526315789473684 3148
19 19 1 1 0.10526315789473684 3218
19 19 1 1 0.10526315789473684 2001
19 19 1 1 0.10526315789473684 2852
21 21 1 1 0.09523809523809523 3327
21 21 1 1 0.09523809523809523 2361
21 21 1 1 0.09523809523809523 3030
21 21 1 1 0.09523809523809523 7316
21 21 1 1 0.09523809523809523 1817
21 21 1 1 0.09523809523809523 2846
21 21 1 1 0.09523809523809523 2614
21 21 1 1 0.09523809523809523 5416
21 21 1 1 0.09523809523809523 3349
21 21 1 1 0.09523809523809523 2815
23 23 1 1 0.08695652173913043 5764
23 23 1 1 0.08695652173913043 2912
23 23 1 1 0.08695652173913043 4228
23 23 1 1 0.08695652173913043 4274
23 23 1 1 0.08695652173913043 3465
23 23 1 1 0.08695652173913043 2687
23 23 1 1 0.08695652173913043 3740
23 23 1 1 0.08695652173913043 5325
23 23 1 1 0.08695652173913043 2504
23 23 1 1 0.08695652173913043 3698
25 25 1 1 0.08 11023
25 25 1 1 0.08 3891
25 25 1 1 0.08 4769
25 25 1 1 0.08 7513
25 25 1 1 0.08 3180
25 25 1 1 0.08 7978
25 25 1 1 0.08 7029
25 25 1 1 0.08 8223
25 25 1 1 0.08 4099
25 25 1 1 0.08 4782
27 27 1 1 0.07407407407407407 5473
27 27 1 1 0.07407407407407407 5702
27 27 1 1 0.07407407407407407 9266
27 27 1 1 0.07407407407407407 9591
27 27 1 1 0.07407407407407407 10468
27 27 1 1 0.07407407407407407 7504
27 27 1 1 0.07407407407407407 10147
27 27 1 1 0.07407407407407407 4571
27 27 1 1 0.07407407407407407 7849
27 27 1 1 0.07407407407407407 8179
29 29 1 1 0.06896551724137931 9012
29 29 1 1 0.06896551724137931 21414
29 29 1 1 0.06896551724137931 6739
29 29 1 1 0.06896551724137931 9506
29 29 1 1 0.06896551724137931 8808
29 29 1 1 0.06896551724137931 5111
29 29 1 1 0.06896551724137931 7660
29 29 1 1 0.06896551724137931 3682
29 29 1 1 0.06896551724137931 9263
29 29 1 1 0.06896551724137931 10210
3 3 1 1 0.6666666666666666 57
3 3 1 1 0.6666666666666666 34
3 3 1 1 0.6666666666666666 25
3 3 1 1 0.6666666666666666 18
3 3 1 1 0.6666666666666666 6
3 3 1 1 0.6666666666666666 29
3 3 1 1 0.6666666666666666 10
3 3 1 1 0.6666666666666666 40
3 3 1 1 0.6666666666666666 15
3 3 1 1 0.6666666666666666 25
5 5 1 1 0.4 92
5 5 1 1 0.4 59
5 5 1 1 0.4 143
5 5 1 1 0.4 137
5 5 1 1 0.4 52
5 5 1 1 0.4 199
5 5 1 1 0.4 65
5 5 1 1 0.4 47
5 5 1 1 0.4 19
5 5 1 1 0.4 49
7 7 1 1 0.2857142857142857 131
7 7 1 1 0.2857142857142857 157
7 7 1 1 0.2857142857142857 351
7 7 1 1 0.2857142857142857 193
7 7 1 1 0.2857142857142857 256
7 7 1 1 0.2857142857142857 150
7 7 1 1 0.2857142857142857 138
7 7 1 1 0.2857142857142857 575
7 7 1 1 0.2857142857142857 360
7 7 1 1 0.2857142857142857 623
9 9 1 1 0.2222222222222222 589
9 9 1 1 0.2222222222222222 218
9 9 1 1 0.2222222222222222 113
9 9 1 1 0.2222222222222222 288
9 9 1 1 0.2222222222222222 457
9 9 1 1 0.2222222222222222 857
9 9 1 1 0.2222222222222222 196
9 9 1 1 0.2222222222222222 396
9 9 1 1 0.2222222222222222 593
9 9 1 1 0.2222222222222222 255
11 11 1 1 0.18181818181818182 450
11 11 1 1 0.18181818181818182 362
11 11 1 1 0.18181818181818182 939
11 11 1 1 0.18181818181818182 299
11 11 1 1 0.18181818181818182 262
11 11 1 1 0.18181818181818182 780
11 11 1 1 0.18181818181818182 847
11 11 1 1 0.18181818181818182 3112
11 11 1 1 0.18181818181818182 965
11 11 1 1 0.18181818181818182 1590
13 13 1 1 0.15384615384615385 949
13 13 1 1 0.15384615384615385 855
13 13 1 1 0.15384615384615385 2379
13 13 1 1 0.15384615384615385 304
13 13 1 1 0.15384615384615385 1178
13 13 1 1 0.15384615384615385 1115
13 13 1 1 0.15384615384615385 947
13 13 1 1 0.15384615384615385 1271
13 13 1 1 0.15384615384615385 588
13 13 1 1 0.15384615384615385 673
15 15 1 1 0.13333333333333333 4380
15 15 1 1 0.13333333333333333 1286
15 15 1 1 0.13333333333333333 1784
15 15 1 1 0.13333333333333333 1275
15 15 1 1 0.13333333333333333 1238
15 15 1 1 0.13333333333333333 1181
15 15 1 1 0.13333333333333333 1049
15 15 1 1 0.13333333333333333 1396
15 15 1 1 0.13333333333333333 2298
15 15 1 1 0.13333333333333333 1322
17 17 1 1 0.11764705882352941 5095
17 17 1 1 0.11764705882352941 2058
17 17 1 1 0.11764705882352941 1250
17 17 1 1 0.11764705882352941 2184
17 17 1 1 0.11764705882352941 1267
17 17 1 1 0.11764705882352941 1248
17 17 1 1 0.11764705882352941 2393
17 17 1 1 0.11764705882352941 1012
17 17 1 1 0.11764705882352941 901
17 17 1 1 0.11764705882352941 2452
19 19 1 1 0.10526315789473684 2978
19 19 1 1 0.10526315789473684 2372
19 19 1 1 0.10526315789473684 1175
19 19 1 1 0.10526315789473684 4932
19 19 1 1 0.10526315789473684 2999
19 19 1 1 0.10526315789473684 2332
19 19 1 1 0.10526315789473684 3587
19 19 1 1 0.10526315789473684 2617
19 19 1 1 0.10526315789473684 3606
19 19 1 1 0.10526315789473684 1557
21 21 1 1 0.09523809523809523 2591
21 21 1 1 0.09523809523809523 5002
21 21 1 1 0.09523809523809523 3051
21 21 1 1 0.09523809523809523 6061
21 21 1 1 0.09523809523809523 4506
21 21 1 1 0.09523809523809523 4118
21 21 1 1 0.09523809523809523 2736
21 21 1 1 0.09523809523809523 2242
21 21 1 1 0.09523809523809523 3444
21 21 1 1 0.09523809523809523 5051
23 23 1 1 0.08695652173913043 3671
23 23 1 1 0.08695652173913043 4546
23 23 1 1 0.08695652173913043 5004
23 23 1 1 0.08695652173913043 4239
23 23 1 1 0.08695652173913043 6861
23 23 1 1 0.08695652173913043 6119
23 23 1 1 0.08695652173913043 3011
23 23 1 1 0.08695652173913043 7730
23 23 1 1 0.08695652173913043 3292
23 23 1 1 0.08695652173913043 4656
25 25 1 1 0.08 4820
25 25 1 1 0.08 2492
25 25 1 1 0.08 4059
25 25 1 1 0.08 3746
25 25 1 1 0.08 6551
25 25 1 1 0.08 4476
25 25 1 1 0.08 5611
25 25 1 1 0.08 6170
25 25 1 1 0.08 4721
25 25 1 1 0.08 4449
27 27 1 1 0.07407407407407407 5681
27 27 1 1 0.07407407407407407 7080
27 27 1 1 0.07407407407407407 6397
27 27 1 1 0.07407407407407407 7261
27 27 1 1 0.07407407407407407 3566
27 27 1 1 0.07407407407407407 5995
27 27 1 1 0.07407407407407407 5091
27 27 1 1 0.07407407407407407 11321
27 27 1 1 0.07407407407407407 5182
27 27 1 1 0.07407407407407407 5269
29 29 1 1 0.06896551724137931 12591
29 29 1 1 0.06896551724137931 4636
29 29 1 1 0.06896551724137931 7162
29 29 1 1 0.06896551724137931 20628
29 29 1 1 0.06896551724137931 11890
29 29 1 1 0.06896551724137931 6871
29 29 1 1 0.06896551724137931 5055
29 29 1 1 0.06896551724137931 4694
29 29 1 1 0.06896551724137931 12702
29 29 1 1 0.06896551724137931 5238
3 3 1 1 0.3333333333333333 13
3 3 1 1 0.3333333333333333 16
3 3 1 1 0.3333333333333333 73
3 3 1 1 0.3333333333333333 11
3 3 1 1 0.3333333333333333 16
3 3 1 1 0.3333333333333333 7
3 3 1 1 0.3333333333333333 37
3 3 1 1 0.3333333333333333 12
3 3 1 1 0.3333333333333333 10
3 3 1 1 0.3333333333333333 8
5 5 1 1 0.2 43
5 5 1 1 0.2 43
5 5 1 1 0.2 40
5 5 1 1 0.2 74
5 5 1 1 0.2 84
5 5 1 1 0.2 76
5 5 1 1 0.2 111
5 5 1 1 0.2 160
5 5 1 1 0.2 115
5 5 1 1 0.2 57
7 7 1 1 0.14285714285714285 153
7 7 1 1 0.14285714285714285 719
7 7 1 1 0.14285714285714285 187
7 7 1 1 0.14285714285714285 120
7 7 1 1 0.14285714285714285 171
7 7 1 1 0.14285714285714285 106
7 7 1 1 0.14285714285714285 196
7 7 1 1 0.14285714285714285 226
7 7 1 1 0.14285714285714285 160
7 7 1 1 0.14285714285714285 308
9 9 1 1 0.1111111111111111 407
9 9 1 1 0.1111111111111111 1156
9 9 1 1 0.1111111111111111 345
9 9 1 1 0.1111111111111111 666
9 9 1 1 0.1111111111111111 218
9 9 1 1 0.1111111111111111 548
9 9 1 1 0.1111111111111111 514
9 9 1 1 0.1111111111111111 250
9 9 1 1 0.1111111111111111 216
9 9 1 1 0.1111111111111111 440
11 11 1 1 0.09090909090909091 350
11 11 1 1 0.09090909090909091 950
11 11 1 1 0.09090909090909091 726
11 11 1 1 0.09090909090909091 785
11 11 1 1 0.09090909090909091 365
11 11 1 1 0.09090909090909091 709
11 11 1 1 0.09090909090909091 287
11 11 1 1 0.09090909090909091 370
11 11 1 1 0.09090909090909091 693
11 11 1 1 0.09090909090909091 613
13 13 1 1 0.07692307692307693 565
13 13 1 1 0.07692307692307693 1638
13 13 1 1 0.07692307692307693 748
13 13 1 1 0.07692307692307693 1337
13 13 1 1 0.07692307692307693 1019
13 13 1 1 0.07692307692307693 995
13 13 1 1 0.07692307692307693 505
13 13 1 1 0.07692307692307693 611
13 13 1 1 0.07692307692307693 1418
13 13 1 1 0.07692307692307693 701
15 15 1 1 0.06666666666666667 1714
15 15 1 1 0.06666666666666667 1349
15 15 1 1 0.06666666666666667 1706
15 15 1 1 0.06666666666666667 1009
15 15 1 1 0.06666666666666667 911
15 15 1 1 0.06666666666666667 1114
15 15 1 1 0.06666666666666667 2144
15 15 1 1 0.06666666666666667 1450
15 15 1 1 0.06666666666666667 1520
15 15 1 1 0.06666666666666667 2189
17 17 1 1 0.058823529411764705 2081
17 17 1 1 0.058823529411764705 2905
17 17 1 1 0.058823529411764705 4127
17 17 1 1 0.058823529411764705 1520
17 17 1 1 0.058823529411764705 1510
17 17 1 1 0.058823529411764705 2384
17 17 1 1 0.058823529411764705 2013
17 17 1 1 0.058823529411764705 1308
17 17 1 1 0.058823529411764705 1574
17 17 1 1 0.058823529411764705 1524
19 19 1 1 0.05263157894736842 1724
19 19 1 1 0.05263157894736842 4562
19 19 1 1 0.05263157894736842 1209
19 19 1 1 0.05263157894736842 2108
19 19 1 1 0.05263157894736842 2673
19 19 1 1 0.05263157894736842 2599
19 19 1 1 0.05263157894736842 2835
19 19 1 1 0.05263157894736842 2059
19 19 1 1 0.05263157894736842 2481
19 19 1 1 0.05263157894736842 2451
21 21 1 1 0.047619047619047616 2252
21 21 1 1 0.047619047619047616 2761
21 21 1 1 0.047619047619047616 3934
21 21 1 1 0.047619047619047616 2925
21 21 1 1 0.047619047619047616 5528
21 21 1 1 0.047619047619047616 3532
21 21 1 1 0.047619047619047616 4160
21 21 1 1 0.047619047619047616 2987
21 21 1 1 0.047619047619047616 2486
21 21 1 1 0.047619047619047616 5445
23 23 1 1 0.043478260869565216 5180
23 23 1 1 0.043478260869565216 2930
23 23 1 1 0.043478260869565216 1837
23 23 1 1 0.043478260869565216 3953
23 23 1 1 0.043478260869565216 5369
23 23 1 1 0.043478260869565216 5808
23 23 1 1 0.043478260869565216 4655
23 23 1 1 0.043478260869565216 5403
23 23 1 1 0.043478260869565216 8309
23 23 1 1 0.043478260869565216 5253
25 25 1 1 0.04 7154
25 25 1 1 0.04 9095
25 25 1 1 0.04 7126
25 25 1 1 0.04 4614
25 25 1 1 0.04 4432
25 25 1 1 0.04 4117
25 25 1 1 0.04 5979
25 25 1 1 0.04 5472
25 25 1 1 0.04 4632
25 25 1 1 0.04 3751
27 27 1 1 0.037037037037037035 4375
27 27 1 1 0.037037037037037035 8619
27 27 1 1 0.037037037037037035 10070
27 27 1 1 0.037037037037037035 4482
27 27 1 1 0.037037037037037035 3348
27 27 1 1 0.037037037037037035 2296
27 27 1 1 0.037037037037037035 3205
27 27 1 1 0.037037037037037035 4669
27 27 1 1 0.037037037037037035 8848
27 27 1 1 0.037037037037037035 8096
29 29 1 1 0.034482758620689655 5576
29 29 1 1 0.034482758620689655 6335
29 29 1 1 0.034482758620689655 10182
29 29 1 1 0.034482758620689655 7333
29 29 1 1 0.034482758620689655 13968
29 29 1 1 0.034482758620689655 4459
29 29 1 1 0.034482758620689655 9185
29 29 1 1 0.034482758620689655 4279
29 29 1 1 0.034482758620689655 8834
29 29 1 1 0.034482758620689655 6982
3 3 1 1 0.16666666666666666 4
3 3 1 1 0.16666666666666666 14
3 3 1 1 0.16666666666666666 24
3 3 1 1 0.16666666666666666 12
3 3 1 1 0.16666666666666666 27
3 3 1 1 0.16666666666666666 127
3 3 1 1 0.16666666666666666 45
3 3 1 1 0.16666666666666666 10
3 3 1 1 0.16666666666666666 51
3 3 1 1 0.16666666666666666 46
5 5 1 1 0.1 246
5 5 1 1 0.1 73
5 5 1 1 0.1 151
5 5 1 1 0.1 110
5 5 1 1 0.1 71
5 5 1 1 0.1 53
5 5 1 1 0.1 76
5 5 1 1 0.1 77
5 5 1 1 0.1 253
5 5 1 1 0.1 361
7 7 1 1 0.07142857142857142 252
7 7 1 1 0.07142857142857142 108
7 7 1 1 0.07142857142857142 683
7 7 1 1 0.07142857142857142 588
7 7 1 1 0.07142857142857142 59
7 7 1 1 0.07142857142857142 183
7 7 1 1 0.07142857142857142 169
7 7 1 1 0.07142857142857142 200
7 7 1 1 0.07142857142857142 152
7 7 1 1 0.07142857142857142 300
9 9 1 1 0.05555555555555555 269
9 9 1 1 0.05555555555555555 539
9 9 1 1 0.05555555555555555 343
9 9 1 1 0.05555555555555555 249
9 9 1 1 0.05555555555555555 523
9 9 1 1 0.05555555555555555 746
9 9 1 1 0.05555555555555555 334
9 9 1 1 0.05555555555555555 181
9 9 1 1 0.05555555555555555 217
9 9 1 1 0.05555555555555555 292
11 11 1 1 0.045454545454545456 961
11 11 1 1 0.045454545454545456 828
11 11 1 1 0.045454545454545456 342
11 11 1 1 0.045454545454545456 1477
11 11 1 1 0.045454545454545456 760
11 11 1 1 0.045454545454545456 1408
11 11 1 1 0.045454545454545456 568
11 11 1 1 0.045454545454545456 1141
11 11 1 1 0.045454545454545456 988
11 11 1 1 0.045454545454545456 423
13 13 1 1 0.038461538461538464 1118
13 13 1 1 0.038461538461538464 2143
13 13 1 1 0.038461538461538464 982
13 13 1 1 0.038461538461538464 1134
13 13 1 1 0.038461538461538464 2098
13 13 1 1 0.038461538461538464 1563
13 13 1 1 0.038461538461538464 1443
13 13 1 1 0.038461538461538464 3560
13 13 1 1 0.038461538461538464 742
13 13 1 1 0.038461538461538464 707
15 15 1 1 0.03333333333333333 1666
15 15 1 1 0.03333333333333333 3588
15 15 1 1 0.03333333333333333 2187
15 15 1 1 0.03333333333333333 1965
15 15 1 1 0.03333333333333333 1386
15 15 1 1 0.03333333333333333 2031
15 15 1 1 0.03333333333333333 1679
15 15 1 1 0.03333333333333333 2014
15 15 1 1 0.03333333333333333 1608
15 15 1 1 0.03333333333333333 3390
17 17 1 1 0.029411764705882353 1931
17 17 1 1 0.029411764705882353 1579
17 17 1 1 0.029411764705882353 1686
17 17 1 1 0.029411764705882353 4537
17 17 1 1 0.029411764705882353 2715
17 17 1 1 0.029411764705882353 2061
17 17 1 1 0.029411764705882353 4261
17 17 1 1 0.029411764705882353 1621
17 17 1 1 0.029411764705882353 1285
17 17 1 1 0.029411764705882353 2652
19 19 1 1 0.02631578947368421 3970
19 19 1 1 0.02631578947368421 3416
19 19 1 1 0.02631578947368421 2114
19 19 1 1 0.02631578947368421 5267
19 19 1 1 0.02631578947368421 3376
19 19 1 1 0.02631578947368421 4057
19 19 1 1 0.02631578947368421 2435
19 19 1 1 0.02631578947368421 2853
19 19 1 1 0.02631578947368421 4906
19 19 1 1 0.02631578947368421 4043
21 21 1 1 0.023809523809523808 5081
21 21 1 1 0.023809523809523808 5325
21 21 1 1 0.023809523809523808 9112
21 21 1 1 0.023809523809523808 3784
21 21 1 1 0.023809523809523808 4034
21 21 1 1 0.023809523809523808 2772
21 21 1 1 0.023809523809523808 4053
21 21 1 1 0.023809523809523808 5523
21 21 1 1 0.023809523809523808 5463
21 21 1 1 0.023809523809523808 4270
23 23 1 1 0.021739130434782608 4278
23 23 1 1 0.021739130434782608 3783
23 23 1 1 0.021739130434782608 4542
23 23 1 1 0.021739130434782608 7400
23 23 1 1 0.021739130434782608 5643
23 23 1 1 0.021739130434782608 5627
23 23 1 1 0.021739130434782608 3623
23 23 1 1 0.021739130434782608 5934
23 23 1 1 0.021739130434782608 2894
23 23 1 1 0.021739130434782608 3113
25 25 1 1 0.02 4040
25 25 1 1 0.02 12261
25 25 1 1 0.02 4404
25 25 1 1 0.02 7208
25 25 1 1 0.02 4523
25 25 1 1 0.02 4050
25 25 1 1 0.02 4617
25 25 1 1 0.02 3098
25 25 1 1 0.02 8605
25 25 1 1 0.02 7356
27 27 1 1 0.018518518518518517 3660
27 27 1 1 0.018518518518518517 7736
27 27 1 1 0.018518518518518517 11597
27 27 1 1 0.018518518518518517 10899
27 27 1 1 0.018518518518518517 7832
27 27 1 1 0.018518518518518517 4833
27 27 1 1 0.018518518518518517 4501
27 27 1 1 0.018518518518518517 9735
27 27 1 1 0.018518518518518517 5693
27 27 1 1 0.018518518518518517 11398
29 29 1 1 0.017241379310344827 9852
29 29 1 1 0.017241379310344827 10134
29 29 1 1 0.017241379310344827 9161
29 29 1 1 0.017241379310344827 4862
29 29 1 1 0.017241379310344827 10692
29 29 1 1 0.017241379310344827 10216
29 29 1 1 0.017241379310344827 13721
29 29 1 1 0.017241379310344827 7351
29 29 1 1 0.017241379310344827 9976
29 29 1 1 0.017241379310344827 7828
3 3 1 1 0.16666666666666666 13
3 3 1 1 0.16666666666666666 43
3 3 1 1 0.16666666666666666 43
3 3 1 1 0.16666666666666666 59
3 3 1 1 0.16666666666666666 1
3 3 1 1 0.16666666666666666 26
3 3 1 1 0.16666666666666666 6
3 3 1 1 0.16666666666666666 4
3 3 1 1 0.16666666666666666 9
3 3 1 1 0.16666666666666666 23
5 5 1 1 0.1 130
5 5 1 1 0.1 83
5 5 1 1 0.1 52
5 5 1 1 0.1 80
5 5 1 1 0.1 31
5 5 1 1 0.1 77
5 5 1 1 0.1 57
5 5 1 1 0.1 95
5 5 1 1 0.1 151
5 5 1 1 0.1 85
7 7 1 1 0.07142857142857142 206
7 7 1 1 0.07142857142857142 158
7 7 1 1 0.07142857142857142 226
7 7 1 1 0.07142857142857142 181
7 7 1 1 0.07142857142857142 342
7 7 1 1 0.07142857142857142 301
7 7 1 1 0.07142857142857142 358
7 7 1 1 0.07142857142857142 356
7 7 1 1 0.07142857142857142 457
7 7 1 1 0.07142857142857142 187
9 9 1 1 0.05555555555555555 393
9 9 1 1 0.05555555555555555 585
9 9 1 1 0.05555555555555555 378
9 9 1 1 0.05555555555555555 603
9 9 1 1 0.05555555555555555 370
9 9 1 1 0.05555555555555555 419
9 9 1 1 0.05555555555555555 330
9 9 1 1 0.05555555555555555 515
9 9 1 1 0.05555555555555555 209
9 9 1 1 0.05555555555555555 1152
11 11 1 1 0.045454545454545456 362
11 11 1 1 0.045454545454545456 583
11 11 1 1 0.045454545454545456 683
11 11 1 1 0.045454545454545456 597
11 11 1 1 0.045454545454545456 485
11 11 1 1 0.045454545454545456 973
11 11 1 1 0.045454545454545456 1033
11 11 1 1 0.045454545454545456 563
11 11 1 1 0.045454545454545456 673
11 11 1 1 0.045454545454545456 421
13 13 1 1 0.038461538461538464 905
13 13 1 1 0.038461538461538464 1877
13 13 1 1 0.038461538461538464 1116
13 13 1 1 0.038461538461538464 2132
13 13 1 1 0.038461538461538464 1339
13 13 1 1 0.038461538461538464 1785
13 13 1 1 0.038461538461538464 1047
13 13 1 1 0.038461538461538464 1703
13 13 1 1 0.038461538461538464 1010
13 13 1 1 0.038461538461538464 2861
15 15 1 1 0.03333333333333333 626
15 15 1 1 0.03333333333333333 800
15 15 1 1 0.03333333333333333 1803
15 15 1 1 0.03333333333333333 1772
15 15 1 1 0.03333333333333333 1190
15 15 1 1 0.03333333333333333 1473
15 15 1 1 0.03333333333333333 2391
15 15 1 1 0.03333333333333333 2721
15 15 1 1 0.03333333333333333 1732
15 15 1 1 0.03333333333333333 2119
17 17 1 1 0.029411764705882353 2977
17 17 1 1 0.029411764705882353 3193
17 17 1 1 0.029411764705882353 1776
17 17 1 1 0.029411764705882353 1809
17 17 1 1 0.029411764705882353 2604
17 17 1 1 0.029411764705882353 2353
17 17 1 1 0.029411764705882353 2711
17 17 1 1 0.029411764705882353 2280
17 17 1 1 0.029411764705882353 2868
17 17 1 1 0.029411764705882353 1965
19 19 1 1 0.02631578947368421 8160
19 19 1 1 0.02631578947368421 7575
19 19 1 1 0.02631578947368421 2272
19 19 1 1 0.02631578947368421 2989
19 19 1 1 0.02631578947368421 1911
19 19 1 1 0.02631578947368421 5188
19 19 1 1 0.02631578947368421 3120
19 19 1 1 0.02631578947368421 3230
19 19 1 1 0.02631578947368421 1841
19 19 1 1 0.02631578947368421 3036
21 21 1 1 0.023809523809523808 2199
21 21 1 1 0.023809523809523808 4065
21 21 1 1 0.023809523809523808 4835
21 21 1 1 0.023809523809523808 4022
21 21 1 1 0.023809523809523808 5000
21 21 1 1 0.023809523809523808 5349
21 21 1 1 0.023809523809523808 5807
21 21 1 1 0.023809523809523808 4164
21 21 1 1 0.023809523809523808 5633
21 21 1 1 0.023809523809523808 4756
23 23 1 1 0.021739130434782608 4885
23 23 1 1 0.021739130434782608 4870
23 23 1 1 0.021739130434782608 3854
23 23 1 1 0.021739130434782608 4794
23 23 1 1 0.021739130434782608 7637
23 23 1 1 0.021739130434782608 4612
23 23 1 1 0.021739130434782608 3945
23 23 1 1 0.021739130434782608 5523
23 23 1 1 0.021739130434782608 10359
23 23 1 1 0.021739130434782608 5673
25 25 1 1 0.02 5617
25 25 1 1 0.02 7704
25 25 1 1 0.02 8624
25 25 1 1 0.02 6592
25 25 1 1 0.02 11742
25 25 1 1 0.02 5546
25 25 1 1 0.02 4520
25 25 1 1 0.02 7837
25 25 1 1 0.02 6307
25 25 1 1 0.02 5443
27 27 1 1 0.018518518518518517 7110
27 27 1 1 0.018518518518518517 7455
27 27 1 1 0.018518518518518517 7397
27 27 1 1 0.018518518518518517 6081
27 27 1 1 0.018518518518518517 11800
27 27 1 1 0.018518518518518517 10273
27 27 1 1 0.018518518518518517 7171
27 27 1 1 0.018518518518518517 4149
27 27 1 1 0.018518518518518517 15777
27 27 1 1 0.018518518518518517 8911
29 29 1 1 0.017241379310344827 6700
29 29 1 1 0.017241379310344827 10246
29 29 1 1 0.017241379310344827 8709
29 29 1 1 0.017241379310344827 10279
29 29 1 1 0.017241379310344827 10531
29 29 1 1 0.017241379310344827 11197
29 29 1 1 0.017241379310344827 11443
29 29 1 1 0.017241379310344827 11611
29 29 1 1 0.017241379310344827 14943
29 29 1 1 0.017241379310344827 7024
3 3 1 1 0.16666666666666666 35
3 3 1 1 0.16666666666666666 25
3 3 1 1 0.16666666666666666 1
3 3 1 1 0.16666666666666666 5
3 3 1 1 0.16666666666666666 16
5 5 1 1 0.1 105
5 5 1 1 0.1 96
5 5 1 1 0.1 60
5 5 1 1 0.1 33
5 5 1 1 0.1 25
7 7 1 1 0.07142857142857142 373
7 7 1 1 0.07142857142857142 396
7 7 1 1 0.07142857142857142 166
7 7 1 1 0.07142857142857142 84
7 7 1 1 0.07142857142857142 246
9 9 1 1 0.05555555555555555 769
9 9 1 1 0.05555555555555555 296
9 9 1 1 0.05555555555555555 523
9 9 1 1 0.05555555555555555 494
9 9 1 1 0.05555555555555555 663
11 11 1 1 0.045454545454545456 581
11 11 1 1 0.045454545454545456 598
11 11 1 1 0.045454545454545456 1154
11 11 1 1 0.045454545454545456 1659
11 11 1 1 0.045454545454545456 1540
13 13 1 1 0.038461538461538464 1683
13 13 1 1 0.038461538461538464 1483
13 13 1 1 0.038461538461538464 1581
13 13 1 1 0.038461538461538464 979
13 13 1 1 0.038461538461538464 862
15 15 1 1 0.03333333333333333 2421
15 15 1 1 0.03333333333333333 2302
15 15 1 1 0.03333333333333333 1386
15 15 1 1 0.03333333333333333 1290
15 15 1 1 0.03333333333333333 2237
17 17 1 1 0.029411764705882353 2747
17 17 1 1 0.029411764705882353 1953
17 17 1 1 0.029411764705882353 3318
17 17 1 1 0.029411764705882353 2077
17 17 1 1 0.029411764705882353 3088
19 19 1 1 0.02631578947368421 3523
19 19 1 1 0.02631578947368421 3023
19 19 1 1 0.02631578947368421 1809
19 19 1 1 0.02631578947368421 3321
19 19 1 1 0.02631578947368421 2855
21 21 1 1 0.023809523809523808 6035
21 21 1 1 0.023809523809523808 2276
21 21 1 1 0.023809523809523808 3563
21 21 1 1 0.023809523809523808 3473
21 21 1 1 0.023809523809523808 4340
23 23 1 1 0.021739130434782608 6711
23 23 1 1 0.021739130434782608 8671
23 23 1 1 0.021739130434782608 3464
23 23 1 1 0.021739130434782608 7468
23 23 1 1 0.021739130434782608 4164
25 25 1 1 0.02 6388
25 25 1 1 0.02 4919
25 25 1 1 0.02 11294
25 25 1 1 0.02 14792
25 25 1 1 0.02 7555
27 27 1 1 0.018518518518518517 7027
27 27 1 1 0.018518518518518517 3146
27 27 1 1 0.018518518518518517 9561
27 27 1 1 0.018518518518518517 7985
27 27 1 1 0.018518518518518517 5588
29 29 1 1 0.017241379310344827 5485
29 29 1 1 0.017241379310344827 11306
29 29 1 1 0.017241379310344827 13596
29 29 1 1 0.017241379310344827 9826
29 29 1 1 0.017241379310344827 7309
31 31 1 1 0.016129032258064516 10202
31 31 1 1 0.016129032258064516 11261
31 31 1 1 0.016129032258064516 15696
31 31 1 1 0.016129032258064516 13799
31 31 1 1 0.016129032258064516 15126
33 33 1 1 0.015151515151515152 12883
33 33 1 1 0.015151515151515152 10120
33 33 1 1 0.015151515151515152 12838
33 33 1 1 0.015151515151515152 25728
33 33 1 1 0.015151515151515152 6016
35 35 1 1 0.014285714285714285 13539
35 35 1 1 0.014285714285714285 10698
35 35 1 1 0.014285714285714285 11657
35 35 1 1 0.014285714285714285 11995
35 35 1 1 0.014285714285714285 12463
37 37 1 1 0.013513513513513514 10773
37 37 1 1 0.013513513513513514 20907
37 37 1 1 0.013513513513513514 18281
37 37 1 1 0.013513513513513514 10759
37 37 1 1 0.013513513513513514 15509
39 39 1 1 0.01282051282051282 18132
39 39 1 1 0.01282051282051282 18507
39 39 1 1 0.01282051282051282 15056
39 39 1 1 0.01282051282051282 16427
39 39 1 1 0.01282051282051282 13310
3 3 1 1 0.3333333333333333 5
3 3 1 1 0.3333333333333333 3
3 3 1 1 0.3333333333333333 12
3 3 1 1 0.3333333333333333 37
3 3 1 1 0.3333333333333333 8
5 5 1 1 0.2 14
5 5 1 1 0.2 79
5 5 1 1 0.2 127
5 5 1 1 0.2 36
5 5 1 1 0.2 46
7 7 1 1 0.14285714285714285 161
7 7 1 1 0.14285714285714285 62
7 7 1 1 0.14285714285714285 135
7 7 1 1 0.14285714285714285 195
7 7 1 1 0.14285714285714285 454
9 9 1 1 0.1111111111111111 371
9 9 1 1 0.1111111111111111 229
9 9 1 1 0.1111111111111111 570
9 9 1 1 0.1111111111111111 344
9 9 1 1 0.1111111111111111 526
11 11 1 1 0.09090909090909091 753
11 11 1 1 0.09090909090909091 1101
11 11 1 1 0.09090909090909091 990
11 11 1 1 0.09090909090909091 750
11 11 1 1 0.09090909090909091 953
13 13 1 1 0.07692307692307693 753
13 13 1 1 0.07692307692307693 1917
13 13 1 1 0.07692307692307693 835
13 13 1 1 0.07692307692307693 789
13 13 1 1 0.07692307692307693 730
15 15 1 1 0.06666666666666667 843
15 15 1 1 0.06666666666666667 1269
15 15 1 1 0.06666666666666667 1566
15 15 1 1 0.06666666666666667 2794
15 15 1 1 0.06666666666666667 1230
17 17 1 1 0.058823529411764705 2112
17 17 1 1 0.058823529411764705 1878
17 17 1 1 0.058823529411764705 2386
17 17 1 1 0.058823529411764705 3256
17 17 1 1 0.058823529411764705 1381
19 19 1 1 0.05263157894736842 1713
19 19 1 1 0.05263157894736842 2586
19 19 1 1 0.05263157894736842 4074
19 19 1 1 0.05263157894736842 2579
19 19 1 1 0.05263157894736842 1838
21 21 1 1 0.047619047619047616 4992
21 21 1 1 0.047619047619047616 2922
21 21 1 1 0.047619047619047616 1853
21 21 1 1 0.047619047619047616 3285
21 21 1 1 0.047619047619047616 2351
23 23 1 1 0.043478260869565216 4493
23 23 1 1 0.043478260869565216 2203
23 23 1 1 0.043478260869565216 4480
23 23 1 1 0.043478260869565216 3162
23 23 1 1 0.043478260869565216 3422
25 25 1 1 0.04 4719
25 25 1 1 0.04 4812
25 25 1 1 0.04 6001
25 25 1 1 0.04 4242
25 25 1 1 0.04 3937
27 27 1 1 0.037037037037037035 3851
27 27 1 1 0.037037037037037035 3834
27 27 1 1 0.037037037037037035 7473
27 27 1 1 0.037037037037037035 3308
27 27 1 1 0.037037037037037035 6182
29 29 1 1 0.034482758620689655 4598
29 29 1 1 0.034482758620689655 4460
29 29 1 1 0.034482758620689655 4647
29 29 1 1 0.034482758620689655 10008
29 29 1 1 0.034482758620689655 5599
31 31 1 1 0.03225806451612903 6065
31 31 1 1 0.03225806451612903 4634
31 31 1 1 0.03225806451612903 7607
31 31 1 1 0.03225806451612903 9002
31 31 1 1 0.03225806451612903 6323
33 33 1 1 0.030303030303030304 9928
33 33 1 1 0.030303030303030304 11376
33 33 1 1 0.030303030303030304 10666
33 33 1 1 0.030303030303030304 9976
33 33 1 1 0.030303030303030304 8484
35 35 1 1 0.02857142857142857 11733
35 35 1 1 0.02857142857142857 11257
35 35 1 1 0.02857142857142857 15932
35 35 1 1 0.02857142857142857 13523
35 35 1 1 0.02857142857142857 9642
37 37 1 1 0.02702702702702703 7877
37 37 1 1 0.02702702702702703 19188
37 37 1 1 0.02702702702702703 8338
37 37 1 1 0.02702702702702703 13405
37 37 1 1 0.02702702702702703 12682
39 39 1 1 0.02564102564102564 7470
39 39 1 1 0.02564102564102564 17690
39 39 1 1 0.02564102564102564 9127
39 39 1 1 0.02564102564102564 10811
39 39 1 1 0.02564102564102564 10968
3 3 1 1 0.6666666666666666 30
3 3 1 1 0.6666666666666666 63
3 3 1 1 0.6666666666666666 33
3 3 1 1 0.6666666666666666 12
3 3 1 1 0.6666666666666666 6
5 5 1 1 0.4 92
5 5 1 1 0.4 44
5 5 1 1 0.4 75
5 5 1 1 0.4 126
5 5 1 1 0.4 108
7 7 1 1 0.2857142857142857 228
7 7 1 1 0.2857142857142857 298
7 7 1 1 0.2857142857142857 64
7 7 1 1 0.2857142857142857 286
7 7 1 1 0.2857142857142857 71
9 9 1 1 0.2222222222222222 418
9 9 1 1 0.2222222222222222 354
9 9 1 1 0.2222222222222222 411
9 9 1 1 0.2222222222222222 717
9 9 1 1 0.2222222222222222 363
11 11 1 1 0.18181818181818182 1056
11 11 1 1 0.18181818181818182 2555
11 11 1 1 0.18181818181818182 704
11 11 1 1 0.18181818181818182 886
11 11 1 1 0.18181818181818182 232
13 13 1 1 0.15384615384615385 1107
13 13 1 1 0.15384615384615385 513
13 13 1 1 0.15384615384615385 860
13 13 1 1 0.15384615384615385 442
13 13 1 1 0.15384615384615385 1888
15 15 1 1 0.13333333333333333 1958
15 15 1 1 0.13333333333333333 1071
15 15 1 1 0.13333333333333333 1759
15 15 1 1 0.13333333333333333 3353
15 15 1 1 0.13333333333333333 842
17 17 1 1 0.11764705882352941 2480
17 17 1 1 0.11764705882352941 1920
17 17 1 1 0.11764705882352941 2928
17 17 1 1 0.11764705882352941 3617
17 17 1 1 0.11764705882352941 3971
19 19 1 1 0.10526315789473684 4138
19 19 1 1 0.10526315789473684 2194
19 19 1 1 0.10526315789473684 2169
19 19 1 1 0.10526315789473684 6632
19 19 1 1 0.10526315789473684 3106
21 21 1 1 0.09523809523809523 7295
21 21 1 1 0.09523809523809523 1666
21 21 1 1 0.09523809523809523 1840
21 21 1 1 0.09523809523809523 5432
21 21 1 1 0.09523809523809523 3815
23 23 1 1 0.08695652173913043 4615
23 23 1 1 0.08695652173913043 1870
23 23 1 1 0.08695652173913043 3470
23 23 1 1 0.08695652173913043 3218
23 23 1 1 0.08695652173913043 3847
25 25 1 1 0.08 4560
25 25 1 1 0.08 8162
25 25 1 1 0.08 7760
25 25 1 1 0.08 5885
25 25 1 1 0.08 4095
27 27 1 1 0.07407407407407407 6569
27 27 1 1 0.07407407407407407 8659
27 27 1 1 0.07407407407407407 6738
27 27 1 1 0.07407407407407407 2713
27 27 1 1 0.07407407407407407 4100
29 29 1 1 0.06896551724137931 6152
29 29 1 1 0.06896551724137931 10640
29 29 1 1 0.06896551724137931 7939
29 29 1 1 0.06896551724137931 5498
29 29 1 1 0.06896551724137931 4297
31 31 1 1 0.06451612903225806 6896
31 31 1 1 0.06451612903225806 7337
31 31 1 1 0.06451612903225806 6336
31 31 1 1 0.06451612903225806 8447
31 31 1 1 0.06451612903225806 22442
33 33 1 1 0.06060606060606061 12075
33 33 1 1 0.06060606060606061 6098
33 33 1 1 0.06060606060606061 10758
33 33 1 1 0.06060606060606061 13856
33 33 1 1 0.06060606060606061 14975
35 35 1 1 0.05714285714285714 19317
35 35 1 1 0.05714285714285714 9148
35 35 1 1 0.05714285714285714 7521
35 35 1 1 0.05714285714285714 14245
35 35 1 1 0.05714285714285714 6655
37 37 1 1 0.05405405405405406 23710
37 37 1 1 0.05405405405405406 15509
37 37 1 1 0.05405405405405406 23515
37 37 1 1 0.05405405405405406 13664
37 37 1 1 0.05405405405405406 14833
39 39 1 1 0.05128205128205128 9803
39 39 1 1 0.05128205128205128 15117
39 39 1 1 0.05128205128205128 16786
39 39 1 1 0.05128205128205128 12702
39 39 1 1 0.05128205128205128 13486
31 31 1 1 0.016129032258064516 10821
31 31 1 1 0.016129032258064516 12614
31 31 1 1 0.016129032258064516 5153
31 31 1 1 0.016129032258064516 10490
31 31 1 1 0.016129032258064516 9496
31 31 1 1 0.016129032258064516 7881
31 31 1 1 0.016129032258064516 10549
31 31 1 1 0.016129032258064516 21368
31 31 1 1 0.016129032258064516 13029
31 31 1 1 0.016129032258064516 12750
33 33 1 1 0.015151515151515152 8903
33 33 1 1 0.015151515151515152 5818
33 33 1 1 0.015151515151515152 16326
33 33 1 1 0.015151515151515152 9755
33 33 1 1 0.015151515151515152 10448
33 33 1 1 0.015151515151515152 7902
33 33 1 1 0.015151515151515152 26974
33 33 1 1 0.015151515151515152 12068
33 33 1 1 0.015151515151515152 12515
33 33 1 1 0.015151515151515152 10678
35 35 1 1 0.014285714285714285 10943
35 35 1 1 0.014285714285714285 10750
35 35 1 1 0.014285714285714285 9765
35 35 1 1 0.014285714285714285 11038
35 35 1 1 0.014285714285714285 22470
35 35 1 1 0.014285714285714285 17633
35 35 1 1 0.014285714285714285 9734
35 35 1 1 0.014285714285714285 12366
35 35 1 1 0.014285714285714285 16698
35 35 1 1 0.014285714285714285 26067
37 37 1 1 0.013513513513513514 10464
37 37 1 1 0.013513513513513514 25864
37 37 1 1 0.013513513513513514 13559
37 37 1 1 0.013513513513513514 25444
37 37 1 1 0.013513513513513514 15296
37 37 1 1 0.013513513513513514 12220
37 37 1 1 0.013513513513513514 10556
37 37 1 1 0.013513513513513514 16214
37 37 1 1 0.013513513513513514 13471
37 37 1 1 0.013513513513513514 10660
39 39 1 1 0.01282051282051282 8778
39 39 1 1 0.01282051282051282 14419
39 39 1 1 0.01282051282051282 18295
39 39 1 1 0.01282051282051282 13096
39 39 1 1 0.01282051282051282 21124
39 39 1 1 0.01282051282051282 14790
39 39 1 1 0.01282051282051282 15999
39 39 1 1 0.01282051282051282 22902
39 39 1 1 0.01282051282051282 21264
39 39 1 1 0.01282051282051282 20994
31 31 1 1 0.03225806451612903 10524
31 31 1 1 0.03225806451612903 3724
31 31 1 1 0.03225806451612903 3412
31 31 1 1 0.03225806451612903 6879
31 31 1 1 0.03225806451612903 15159
31 31 1 1 0.03225806451612903 15258
31 31 1 1 0.03225806451612903 10698
31 31 1 1 0.03225806451612903 6102
31 31 1 1 0.03225806451612903 7946
31 31 1 1 0.03225806451612903 9501
33 33 1 1 0.030303030303030304 7198
33 33 1 1 0.030303030303030304 9101
33 33 1 1 0.030303030303030304 9302
33 33 1 1 0.030303030303030304 5623
33 33 1 1 0.030303030303030304 17172
33 33 1 1 0.030303030303030304 9356
33 33 1 1 0.030303030303030304 10774
33 33 1 1 0.030303030303030304 6301
33 33 1 1 0.030303030303030304 15825
33 33 1 1 0.030303030303030304 9290
35 35 1 1 0.02857142857142857 8355
35 35 1 1 0.02857142857142857 7312
35 35 1 1 0.02857142857142857 10011
35 35 1 1 0.02857142857142857 15728
35 35 1 1 0.02857142857142857 8884
35 35 1 1 0.02857142857142857 9820
35 35 1 1 0.02857142857142857 8186
35 35 1 1 0.02857142857142857 12926
35 35 1 1 0.02857142857142857 11287
35 35 1 1 0.02857142857142857 10292
37 37 1 1 0.02702702702702703 6614
37 37 1 1 0.02702702702702703 11836
37 37 1 1 0.02702702702702703 10068
37 37 1 1 0.02702702702702703 9412
37 37 1 1 0.02702702702702703 8982
37 37 1 1 0.02702702702702703 13505
37 37 1 1 0.02702702702702703 14744
37 37 1 1 0.02702702702702703 8791
37 37 1 1 0.02702702702702703 16500
37 37 1 1 0.02702702702702703 16870
39 39 1 1 0.02564102564102564 24347
39 39 1 1 0.02564102564102564 18304
39 39 1 1 0.02564102564102564 19465
39 39 1 1 0.02564102564102564 12571
39 39 1 1 0.02564102564102564 17465
39 39 1 1 0.02564102564102564 17978
39 39 1 1 0.02564102564102564 9713
39 39 1 1 0.02564102564102564 9017
39 39 1 1 0.02564102564102564 10978
39 39 1 1 0.02564102564102564 20410
31 31 1 1 0.06451612903225806 8331
31 31 1 1 0.06451612903225806 9748
31 31 1 1 0.06451612903225806 13382
31 31 1 1 0.06451612903225806 10484
31 31 1 1 0.06451612903225806 7740
31 31 1 1 0.06451612903225806 5358
31 31 1 1 0.06451612903225806 15006
31 31 1 1 0.06451612903225806 15190
31 31 1 1 0.06451612903225806 8041
31 31 1 1 0.06451612903225806 9487
33 33 1 1 0.06060606060606061 11711
33 33 1 1 0.06060606060606061 13137
33 33 1 1 0.06060606060606061 7115
33 33 1 1 0.06060606060606061 13351
33 33 1 1 0.06060606060606061 12080
33 33 1 1 0.06060606060606061 14115
33 33 1 1 0.06060606060606061 8401
33 33 1 1 0.06060606060606061 7870
33 33 1 1 0.06060606060606061 11746
33 33 1 1 0.06060606060606061 6943
35 35 1 1 0.05714285714285714 10149
35 35 1 1 0.05714285714285714 10693
35 35 1 1 0.05714285714285714 12092
35 35 1 1 0.05714285714285714 5510
35 35 1 1 0.05714285714285714 13737
35 35 1 1 0.05714285714285714 13212
35 35 1 1 0.05714285714285714 15613
35 35 1 1 0.05714285714285714 14710
35 35 1 1 0.05714285714285714 13077
35 35 1 1 0.05714285714285714 18182
37 37 1 1 0.05405405405405406 10855
37 37 1 1 0.05405405405405406 18507
37 37 1 1 0.05405405405405406 20830
37 37 1 1 0.05405405405405406 13672
37 37 1 1 0.05405405405405406 10867
37 37 1 1 0.05405405405405406 16397
37 37 1 1 0.05405405405405406 5025
37 37 1 1 0.05405405405405406 10798
37 37 1 1 0.05405405405405406 12826
37 37 1 1 0.05405405405405406 21974
39 39 1 1 0.05128205128205128 15761
39 39 1 1 0.05128205128205128 17949
39 39 1 1 0.05128205128205128 8585
39 39 1 1 0.05128205128205128 10544
39 39 1 1 0.05128205128205128 14049
39 39 1 1 0.05128205128205128 9157
39 39 1 1 0.05128205128205128 9510
39 39 1 1 0.05128205128205128 16178
39 39 1 1 0.05128205128205128 24529
39 39 1 1 0.05128205128205128 12709
